162
1390
604
2699
88
610
1384
176
638
2869
1435
2882
1347
2896
2128
1421
2100
1409
63
2672
77
837
189
2114
1192
360
1838
374
412
1151
2458
1623
3034
1145
2464
2302
3008
2316
1179
2470
572
214
1780
1958
2289
1794
566
1964
1970
1025
1743
2538
1031
2510
2276
2262
1582
770
2921
1596
2909
994
758
1541
1227
1233
1555
2074
957
2712
2706
943
1569
2060
942
2061
1568
2713
956
1554
2049
1540
981
2908
765
2920
1583
2934
771
2263
2505
598
1018
2277
1756
1030
2539
1024
1971
229
201
1795
567
2288
1959
1781
2317
3009
2471
1178
2465
2303
3035
2459
1636
3021
349
1805
1811
375
413
1187
1193
361
836
2115
188
1408
2667
62
2897
1346
1420
2129
1434
1352
2883
2868
89
2854
177
163
2840
2698
605
1391
175
2856
613
1387
1393
607
161
149
1422
48
1344
808
2881
2659
1350
2117
2671
74
1378
834
60
820
2665
2103
1185
363
2498
1807
1813
439
1146
1620
3037
2329
1634
1152
2473
388
1608
2301
2467
1797
203
217
571
559
1973
1967
1032
1754
2249
1998
1740
1026
2507
2261
1768
2275
2513
1595
2922
767
773
2088
1581
983
997
1556
1230
2739
968
1224
1542
2063
2705
940
798
1218
2711
2077
2710
1219
955
2076
2062
799
941
2704
1225
1543
1557
2738
1231
2937
772
2089
1594
766
2923
2274
2512
2506
1769
2260
1741
1999
1027
1033
1755
1966
558
570
564
202
1609
2466
2472
389
2314
1635
3022
1153
1147
2328
3036
1621
1812
438
1806
362
1190
404
2499
410
1184
376
2664
61
2102
2116
1379
75
2670
1351
2658
2880
1423
2894
809
1345
49
148
2843
606
160
174
1386
612
2857
158
2853
1382
170
164
1396
2847
2674
71
831
2106
1369
65
825
2660
1341
2890
2648
1427
1433
2884
1355
59
819
1816
1180
414
2489
400
1194
366
2310
1619
2462
399
2304
1625
3032
1143
3026
2338
1631
548
1962
1792
206
560
574
212
1786
2264
2516
1779
2270
1751
2258
1037
1745
986
2927
1590
2099
1584
776
2933
945
1209
2066
2072
951
789
2714
979
1235
1553
1547
2728
1221
1546
1220
2729
1234
978
1552
2073
2715
788
950
1208
1585
777
763
2926
2098
1591
987
1022
1744
2259
1750
2517
2271
1778
2265
2503
575
1787
213
207
561
549
1977
1630
2339
3027
3033
1624
1142
2463
2305
398
2477
1195
401
367
2488
415
1817
429
1432
818
58
1354
2885
2649
2891
2661
824
64
70
2675
2113
165
2846
603
1397
1383
617
171
2878
629
1395
99
167
2688
2850
615
1381
66
826
2663
2105
198
1418
2111
2677
832
2887
1430
8
1424
1342
2893
1815
359
1801
1829
365
403
1197
417
371
3019
2461
1168
2475
2313
3025
1632
1154
2449
1140
1626
1961
1975
1785
577
563
205
1949
2273
588
1008
2501
1746
1034
1752
749
991
985
2918
775
2930
1587
1593
2924
761
952
2717
2071
1578
2703
946
1222
1544
1236
2058
1237
1223
1545
2064
947
2716
953
1579
2070
1592
760
2925
2931
774
2919
984
990
748
1035
1753
1747
2528
1021
2500
2272
2514
562
1948
204
1790
1784
210
576
1974
1960
1141
2448
1627
1633
3024
2474
2312
2306
3018
2460
1182
364
1828
1196
402
1800
2892
1343
1357
2886
2138
1431
2110
833
73
827
67
2104
172
1380
2851
2689
2845
98
600
1394
166
628
2822
667
101
2188
115
1481
673
2836
883
129
2639
1456
1324
868
2605
698
2163
2177
14
854
2611
3080
303
1697
465
471
1683
317
1873
459
1867
3043
1132
3057
1898
2361
1668
2407
2413
511
1085
2598
1091
1913
1720
2229
1046
1734
2215
2573
2567
1708
2201
2956
1287
713
707
1293
2942
908
2995
1522
1536
2759
2981
1250
2771
934
1278
2003
2765
2002
2764
921
1279
935
2770
2016
1537
1251
2980
2758
2994
1245
909
1523
2943
1292
706
712
2957
2566
2200
1709
3122
2228
538
1912
1906
504
1090
510
2412
1669
2360
2406
1127
1899
2348
1133
1866
1872
458
3095
316
1682
1696
302
3081
464
2610
1319
15
841
699
2162
869
1325
29
2638
1331
1457
128
896
882
1480
2837
672
666
2823
100
1494
670
1482
1496
102
2821
894
880
658
1327
1441
1455
1333
17
857
1469
2160
2606
843
1858
1680
314
472
466
3083
300
1694
1864
328
1870
3054
1643
2438
1131
1657
3040
3068
2376
2410
1119
499
2404
2362
1092
506
512
1086
1938
1904
1737
1051
2558
1045
1723
2202
2564
1079
2570
3108
704
1290
2941
2799
2955
1284
710
738
2969
2982
1535
2028
1521
1247
2996
923
2766
2000
1509
2014
2772
937
2015
936
2773
2767
922
1508
2001
1520
2029
1246
1252
2983
1534
2954
2940
1291
2571
1078
3109
2217
2203
2565
1044
1722
1736
2559
1911
1087
513
1939
1093
2405
498
2377
3069
1118
2411
1130
3041
1656
1642
3055
1124
1871
1865
467
1695
301
3082
3096
2388
315
1681
2161
1468
842
2607
2613
856
1454
1332
2149
1440
659
881
895
2808
103
1497
665
2820
2834
671
117
649
885
2818
113
1487
2830
2824
661
1493
2171
1478
12
852
2617
2603
846
2165
1444
1322
1336
2159
1450
1861
1875
339
477
2398
3086
1849
305
463
2415
488
2367
1108
2401
2429
3051
1646
3045
1915
1901
1097
503
517
1083
1068
2207
3119
2213
2575
1054
1732
1726
2978
729
701
1295
2944
2788
1281
715
2005
926
2777
932
1518
2011
1530
2039
2987
1256
1242
2993
1524
2992
1525
2038
1531
1257
2986
933
2776
2010
2004
2762
927
714
1280
2789
2951
2945
1294
700
728
2979
1041
2548
1055
1733
2212
1069
2560
3118
2206
1082
516
502
1096
1928
1900
3044
1653
2428
1121
1647
3050
2366
3078
2400
1109
489
2414
304
1848
3087
2399
462
476
310
338
1874
1860
1451
2158
1323
847
2602
2164
1479
2170
2616
853
13
660
2825
106
1492
1486
674
2819
884
648
890
138
886
1490
104
2827
662
110
1484
2166
2600
845
689
11
851
2172
1453
39
879
1321
1447
1876
1862
460
3085
306
1692
1686
2402
2364
1679
2416
1137
1651
1889
3046
2358
3052
1123
528
1902
1916
514
1094
500
2576
2210
1719
2204
1043
1725
2238
1731
2953
716
702
1296
2947
2012
2774
931
925
1269
2006
1527
1241
2748
2990
2984
1255
1533
918
2985
1532
1526
2991
2749
1240
2761
1268
2007
930
2775
1297
717
1283
2952
1730
2239
1056
1042
1724
2205
2577
1718
2211
501
1095
2588
1081
515
1917
1644
1122
1136
2359
3047
1888
1650
2371
1678
2417
2403
2365
3090
313
1687
461
1693
307
449
1320
1446
1452
878
38
1334
2615
850
10
688
844
1308
2601
2832
677
1485
111
2198
105
1491
663
2826
139
887
646
2803
134
2817
652
1488
2181
2618
685
1477
849
861
2624
2142
2156
2630
35
1339
322
444
450
336
2383
1846
2397
3089
1675
1113
487
493
1107
1649
1891
2340
2426
2432
2354
1885
530
524
1926
2591
518
1932
2208
1701
1067
1715
3102
2234
2552
2546
2220
1729
732
2977
2963
726
2793
2787
929
1265
1503
1517
2778
915
1259
2750
2988
2036
2022
901
2023
2745
2989
2751
1258
1516
2779
1270
928
1502
2786
2792
727
2962
2976
733
2547
1728
2553
1072
3103
1700
2209
1066
519
2584
1933
1927
525
531
1884
2355
1890
1648
2427
1106
492
2369
1660
1674
3063
486
1112
3088
1847
2382
479
451
337
323
445
2157
874
1338
2625
860
20
2143
1462
690
1304
1310
684
2619
1476
109
2180
1489
135
653
2802
647
121
2814
889
651
137
123
645
2800
2828
2196
679
692
2169
1474
686
1312
2633
36
876
2155
2141
1448
22
862
2627
1879
335
321
309
1851
1689
3075
490
1110
484
2419
3049
2357
1886
1138
2431
2425
1892
1919
1931
2586
2592
1925
1716
2579
1070
1064
3115
1702
2223
2545
2551
1058
2237
2960
725
731
2974
719
1299
1272
1514
2009
1266
2747
1528
2021
2035
2753
2034
2752
917
903
2746
2020
1529
2008
1501
1267
1273
1515
1298
2791
2949
2975
730
724
2961
1059
2550
2236
1065
1703
3114
3100
1717
1071
2578
2593
1924
1930
2587
1918
526
2424
2342
1893
3048
2430
1139
485
1111
3060
1663
1105
491
1688
1850
2381
2395
308
1844
446
320
334
1878
452
1449
2140
2626
863
877
37
2632
2154
1475
1313
693
1307
1461
2168
678
2829
2197
122
2801
644
650
2815
136
2193
668
2839
2187
132
2811
2805
126
1459
2636
33
873
27
867
2622
2144
1465
1303
683
2178
1698
2391
2385
318
456
330
1868
324
442
2434
2352
1883
1897
3058
2346
2420
1129
2408
1101
1667
3070
3064
1673
1115
1934
1920
2597
522
1908
1049
2540
2226
2232
2554
1075
1713
3104
2568
1288
2959
2781
2795
720
734
2971
2024
2742
907
913
2756
2030
1539
1511
1277
1263
1505
1262
1504
1510
1276
2757
912
2031
2025
906
2743
2970
735
721
709
2794
2780
2958
1289
1706
2569
1060
1074
3105
1712
2233
2555
2541
1048
2227
537
523
1909
1921
2596
2582
1935
1672
480
1114
1100
2409
3071
1666
2347
3059
1896
1128
2421
2435
1882
2353
325
1869
443
457
319
1855
2384
2390
1699
1841
1316
682
2179
1470
1464
696
1302
2623
866
26
2145
2151
872
32
2637
2804
641
899
127
655
2810
2838
2186
2192
669
119
2184
2190
1499
125
643
2812
657
131
2147
1328
24
864
2635
30
870
680
1314
18
858
1300
694
2609
2386
3098
1857
2392
441
333
455
2423
1894
2345
2351
1658
1880
2437
1116
3067
2379
1664
496
1102
509
2594
1923
1937
2580
1089
521
2557
1738
2231
2543
3113
1704
1710
2219
3107
1076
2796
2782
2972
2966
723
2033
2755
2741
904
1248
1506
2769
1260
938
1274
1512
1275
939
1513
1507
1261
2768
1249
905
2998
2740
2026
2754
722
2973
2783
2797
3106
2218
1711
1077
1063
1705
2224
2542
2556
2230
1739
520
534
1936
1088
508
1922
3072
1665
1103
497
483
1117
2378
3066
1881
1659
2350
2436
2422
2344
1895
332
440
326
2393
1842
468
3099
2608
695
1467
1473
859
19
1315
681
871
2146
865
25
1329
656
2813
130
642
1498
2185
118
143
2860
625
631
2874
157
619
2684
2690
2848
95
1399
180
1414
1372
1366
1400
194
2109
1428
2121
2647
42
802
56
816
2653
2135
4
341
1819
355
433
2486
1831
1825
369
2492
2479
1170
1616
382
3001
396
2323
3029
2337
553
235
1979
221
547
1945
2294
2280
1789
1951
590
1762
1776
584
1010
2519
1038
2531
2257
1986
1992
2243
2525
2914
751
745
2900
2096
2928
779
2082
1560
1206
1212
786
1574
2055
2733
976
2727
1548
2726
963
1549
2040
977
787
1213
1561
2068
793
778
2083
2929
988
750
2915
2242
1993
2524
2530
1039
1987
1777
2518
1011
585
591
1005
1763
1950
1788
2281
2295
1944
208
220
546
552
1978
234
2336
3028
1159
2450
2444
2322
397
3014
1171
2478
3000
1617
1824
2493
2487
1830
354
432
426
340
2652
817
2134
1429
803
43
2646
1367
2108
1401
1415
1398
94
2849
2691
2685
618
80
2875
630
142
624
2861
154
632
2877
2863
626
140
2693
96
2687
197
69
1365
829
1371
2678
1417
7
55
1359
815
2888
2650
2644
801
2122
430
356
342
424
1198
2491
1826
3016
2308
395
1601
1615
381
3002
1173
2320
1629
2446
544
222
236
550
578
2283
1952
1946
2297
587
1013
1775
1761
2268
1007
593
2526
1991
1749
2240
2254
1985
746
2903
2917
752
1588
2081
2095
1577
1211
785
949
791
1205
1563
2042
2724
2730
975
1239
1238
974
2731
2057
2043
960
1204
790
948
784
1210
2094
2080
1589
2916
2902
747
1984
2255
2533
2241
1748
1990
2269
1760
592
1006
1012
586
1774
2296
1947
579
1953
2282
237
551
545
223
1628
2321
2447
2453
2335
380
1614
1172
1166
394
3017
1833
419
2490
1199
1827
343
431
357
800
40
2645
2123
6
2137
2651
814
1358
2679
1416
182
196
1402
68
2686
97
2692
627
2862
141
2876
633
2696
93
179
87
2682
637
145
623
50
810
2655
2133
2
2127
2899
2641
1348
44
804
2669
1360
1406
192
186
1412
1374
838
1823
409
2494
2480
1189
1837
353
435
421
347
1638
2331
2457
2443
2325
3013
390
1604
1162
1176
384
3007
2319
2286
1957
569
1943
2292
541
555
233
1994
2245
1980
1758
1770
582
1016
1002
596
1764
2084
1599
2906
2912
757
964
1228
2721
2053
2735
970
780
1566
794
1200
2709
1567
2708
1201
781
959
1573
2052
2720
1229
965
2046
756
2913
2091
2085
597
1003
2278
1017
583
2536
1759
2250
2244
1995
2522
554
232
226
540
568
1942
1956
2318
3006
385
1611
1605
391
1163
2324
2330
1639
2456
420
346
352
2481
1836
1822
2495
408
187
839
79
1375
1361
2668
193
1407
2126
805
1349
2640
2898
811
3
2132
144
622
2867
2873
636
150
178
2683
86
92
2697
1388
84
2681
2859
2695
608
90
2865
620
146
152
634
2871
2642
47
807
2124
2130
1
1439
53
813
2656
185
1411
1405
191
378
2497
1820
1808
344
422
436
350
3038
2326
1149
2440
2454
2332
1613
387
1175
2468
3010
1607
1798
1940
2291
2285
218
1954
556
542
2252
1983
2534
2520
1029
1767
2508
1001
595
581
1015
1773
768
2093
754
740
2905
2736
973
2050
2044
967
2722
797
1203
1565
1571
2078
1217
783
1570
782
1202
796
1564
966
972
2737
1558
2904
999
755
2938
769
580
1772
1766
594
2509
1028
2521
2247
1996
1982
2253
2535
1969
225
557
1955
219
2284
2290
1941
1799
1160
1606
392
3011
3005
386
1612
1174
2455
2333
2327
3039
2441
1148
437
351
345
1809
423
2496
1821
379
190
1404
1362
1410
2119
1438
2657
812
52
806
46
2643
2125
153
2870
2864
91
609
2694
2858
2680
